================================================================================
Diagnostic: plain GD (β=0, η=1/L) — fix α=1, min W
Expected: feasible at W = 1 (matches V_t = t (f-f*) + (L/2) ||y-y*||²).
================================================================================
Status: optimal, W_min = 1.000006561158731, alpha = 1.0
Lyapunov: a0=0.6422, a1=0.1349, a2=0.0639, c01=-0.2132, c02=-0.0712, c12=-0.0566
Active duals (>1e-3):
  λ_S            = 1.0000
  λ_IV_t         = 1.0000
  λ_C_p1_t       = 0.0667
  λ_C_t_p2       = 0.0649
  λ_C_t_p1       = 0.0638
  λ_C_p2_t       = 0.0620
  λ_C_p2_p1      = 0.0152
  λ_C_p1_p2      = 0.0123

================================================================================
Sweep: β × η, fix α=1, min W
================================================================================
 beta   eta           status     W_min      a0      a1      a2     c01     c02     c12  λ_skip2
-----------------------------------------------------------------------------------------------
 0.00  0.50          optimal    1.0000   1.170   0.162   0.062  -0.270  -0.070  -0.054   0.143
 0.00  0.70          optimal    1.0000   0.929   0.177   0.081  -0.311  -0.119  -0.043   0.097
 0.00  1.00          optimal    1.0000   0.642   0.135   0.064  -0.213  -0.071  -0.057   0.127
 0.00  1.20          optimal    1.0000   0.507   0.103   0.040  -0.154  -0.028  -0.052   0.111
 0.00  1.50          optimal    1.0000   0.370   0.040   0.013  -0.064  -0.009  -0.016   0.018
 0.00  1.70          optimal    1.3725   0.294  -0.000   0.000   0.000   0.000  -0.000   0.000
 0.00  2.00       infeasible      None    (infeas)
 0.10  0.50          optimal    1.0000   1.237   0.144   0.058  -0.423  -0.051  -0.065   0.140
 0.10  0.70          optimal    1.0000   0.968   0.181   0.080  -0.426  -0.081  -0.079   0.099
 0.10  1.00          optimal    1.0000   0.686   0.182   0.050  -0.368  -0.004  -0.095   0.084
 0.10  1.20          optimal    1.0000   0.564   0.129   0.021  -0.297   0.003  -0.045   0.022
C:\Users\12729\Desktop\Math\workspace\active\op2_v5_gaps\gap2_ub\resolution\theorem3_new\route_T\11_two_step_lmi_corrected.py:255: UserWarning: Solution may be inaccurate. Try another solver, adjusting the solver settings, or solve with verbose=True for more information.
  prob.solve(solver=cp.SCS, verbose=False, max_iters=50000)
 0.10  1.50 optimal_inaccurate    1.1587   0.383   0.100   0.021  -0.191   0.044  -0.074   0.011
 0.10  1.70 optimal_inaccurate    1.4754   0.297   0.050   0.032  -0.124   0.078  -0.078   0.002
 0.10  2.00 optimal_inaccurate    1.0037   0.140  -0.029  -0.002   0.073   0.065   0.020   0.002
 0.20  0.50          optimal    1.0000   1.359   0.163   0.023  -0.699  -0.018  -0.028   0.086
 0.20  0.70          optimal    1.0000   1.029   0.204   0.037  -0.625  -0.005  -0.069   0.081
 0.20  1.00          optimal    1.0000   0.798   0.225   0.012  -0.608   0.012  -0.037   0.005
 0.20  1.20 optimal_inaccurate    1.1495   0.620   0.311   0.053  -0.575   0.107  -0.191   0.001
 0.20  1.50 optimal_inaccurate    1.4877   0.404   0.206   0.051  -0.383   0.113  -0.178   0.028
 0.20  1.70 optimal_inaccurate    1.6252   0.308   0.129   0.069  -0.285   0.180  -0.185   0.002
 0.20  2.00 optimal_inaccurate    1.4635   0.127  -0.017   0.011  -0.007   0.124  -0.010   0.000
 0.30  0.50          optimal    1.0000   2.616   1.711   0.203  -3.357   0.273  -0.678   0.006
 0.30  0.70          optimal    1.0000   1.531   0.989   0.137  -1.874   0.255  -0.525   0.001
 0.30  1.00 optimal_inaccurate    1.1953   0.877   0.608   0.106  -1.089   0.213  -0.383   0.000
 0.30  1.20 optimal_inaccurate    1.3366   0.649   0.485   0.106  -0.849   0.216  -0.361   0.027
 0.30  1.50 optimal_inaccurate    1.4895   0.458   0.345   0.138  -0.665   0.329  -0.410   0.002
 0.30  1.70 optimal_inaccurate    1.4008   0.288   0.147   0.081  -0.351   0.246  -0.222   0.000
 0.30  2.00       infeasible      None    (infeas)
 0.40  0.50          optimal    0.9999   2.578   2.172   0.341  -3.821   0.638  -1.296   0.022
 0.40  0.70 optimal_inaccurate    1.1721   1.488   0.998   0.120  -1.977   0.242  -0.457   0.001
 0.40  1.00 optimal_inaccurate    1.7781   1.016   0.977   0.175  -1.642   0.355  -0.626   0.001
 0.40  1.20 optimal_inaccurate    1.6988   0.682   0.683   0.148  -1.154   0.309  -0.511   0.046
 0.40  1.50 optimal_inaccurate    1.4079   0.443   0.391   0.168  -0.770   0.416  -0.483   0.000
 0.40  1.70 optimal_inaccurate    1.0002   0.253   0.113   0.068  -0.334   0.260  -0.193   0.000
 0.40  2.00       infeasible      None    (infeas)
 0.50  0.50          optimal    1.0040   2.590   2.761   0.493  -4.505   0.999  -1.868   0.007
 0.50  0.70 optimal_inaccurate    0.9879   1.692   1.843   0.302  -3.008   0.675  -1.257   0.031
 0.50  1.00 optimal_inaccurate    1.9006   1.450   2.296   0.633  -3.340   1.371  -2.222   0.005
 0.50  1.20 optimal_inaccurate    1.4113   0.777   0.949   0.334  -1.611   0.709  -0.994   0.002
 0.50  1.50 optimal_inaccurate    1.0816   0.389   0.341   0.158  -0.722   0.430  -0.449   0.000
 0.50  1.70       infeasible      None    (infeas)
 0.50  2.00       infeasible      None    (infeas)

Results: C:\Users\12729\Desktop\Math\workspace\active\op2_v5_gaps\gap2_ub\resolution\theorem3_new\route_T\11_two_step_lmi_corrected_results.json
