========================================================================
R*_ext_v3 corner bias ratios, T=1..20, dps=100
Box: (0.77, 0.82) x (3.2, 3.36) x (0.37, 0.42)
========================================================================

corner        beta   etaL   kap       T= 1      T= 2      T= 3      T= 4      T= 5      T= 6      T= 7      T= 8      T= 9      T=10      T=11      T=12      T=13      T=14      T=15      T=16      T=17      T=18      T=19      T=20    
v3c_000       0.77   3.2    0.37      0.6947    0.4999    1.5676    0.0309    2.1751    0.1385    2.4200    1.2541    1.6354    3.3570    1.6719    5.2650    2.1047    5.7878    2.2228    5.5603    2.6689    5.1474    3.9011    5.6400  
v3c_001       0.77   3.2    0.42      0.6947    0.3273    1.9316    0.0060    1.8496    0.1048    0.8654    2.0412    0.3976    3.8147    1.3543    2.6417    3.5523    2.4692    5.8811    3.1149    6.7157    3.2531    6.0305    3.6009  
v3c_010       0.77   3.36   0.37      0.6947    0.4316    1.7138    0.0168    2.1617    0.1474    2.0761    1.7725    2.3839    3.4736    2.8520    4.0538    2.4421    4.0788    2.5400    4.8412    3.5973    5.6171    4.4090    5.5583  
v3c_011       0.77   3.36   0.42      0.6947    0.2653    2.0494    0.0132    1.5386    0.1946    0.2618    1.2971    0.0345    0.5883    1.8948    0.0112    1.6206    3.3489    0.3353    5.5945    1.8679    1.9271    5.5905    2.6244  
v3c_100       0.82   3.2    0.37      0.7543    0.6555    1.6357    0.1145    3.4733    0.5060    5.6323    0.1349    5.5466    0.5363    6.3532    1.2295    3.9196    2.2229    1.5176    4.1222    1.3599    1.9691    4.6019    2.5833  
v3c_101       0.82   3.2    0.42      0.7543    0.4464    2.1020    0.0359    3.2875    0.1142    4.5998    0.4762    1.8706    1.3624    0.1312    1.8192    1.8277    0.2737    3.7560    1.9441    1.0138    5.1745    1.6298    2.2377  
v3c_110       0.82   3.36   0.37      0.7543    0.5734    1.8189    0.0862    3.6899    0.4236    6.2520    0.2317    6.1134    0.9534    6.2050    1.9212    5.2179    2.1725    2.9037    4.1472    2.3693    7.6601    3.6337    9.0773  
v3c_111       0.82   3.36   0.42      0.7543    0.3702    2.2647    0.0099    3.0557    0.0448    3.2061    1.1779    1.6459    2.9508    1.1167    4.9461    2.2364    6.2406    3.0922    5.3996    3.3917    4.1268    4.5929    4.2456  
v3c_center    0.7949999999999999 3.2800000000000002 0.395     0.7240    0.4374    1.9033    0.0236    2.6976    0.1040    3.2137    0.9677    1.7450    2.8193    0.9976    4.9268    1.3394    3.7955    2.9716    3.1717    5.5411    4.1002    7.2178    4.1350  

corner        binding T   min ratio   c (=1/min)
v3c_000            4        0.0309     32.3174
v3c_001            4        0.0060    166.0409
v3c_010            4        0.0168     59.5429
v3c_011           12        0.0112     89.3563
v3c_100            4        0.1145      8.7356
v3c_101            4        0.0359     27.8475
v3c_110            4        0.0862     11.6020
v3c_111            4        0.0099    101.1729
v3c_center         4        0.0236     42.4104

WORST CORNER: v3c_001 with min ratio 0.0060 -> uniform c = 1/166.04

Min ratio over t in [10, 20] across all corners+center: 0.0112
So c >= 1/10 for T >= 10 (uniform on R*_ext_v3 corners)? False

Saved to C:\Users\12729\Desktop\Math\workspace\active\op2_v5_gaps\gap1_init\detailed_verification\gap1_ext_v3_bias_results.json
